dt = 0.01;
Tf = 80;
x0 = zeros(12,1);